[gd_scene format=3 uid="uid://dsveiukv2620q"]

[ext_resource type="PackedScene" uid="uid://cv2gkkre6k3qm" path="res://models/room321/chairs/soft_chair/soft_chair.glb" id="1_ydj6s"]
[ext_resource type="Material" uid="uid://cfxndm1wg0k6g" path="res://materials/room321/black_soft_chair.tres" id="2_ydj6s"]

[sub_resource type="BoxShape3D" id="BoxShape3D_axfmt"]
size = Vector3(0.520195, 0.054992676, 0.40454102)

[sub_resource type="BoxShape3D" id="BoxShape3D_1wx48"]
size = Vector3(0.034511566, 0.44204712, 0.032852173)

[sub_resource type="BoxShape3D" id="BoxShape3D_t5mdb"]
size = Vector3(0.034511566, 0.44204712, 0.032852173)

[sub_resource type="BoxShape3D" id="BoxShape3D_nxckj"]
size = Vector3(0.034511566, 0.44204712, 0.032852173)

[sub_resource type="BoxShape3D" id="BoxShape3D_n6ua3"]
size = Vector3(0.47343254, 0.054992676, 0.40454102)

[node name="StaticBody3D" type="StaticBody3D" unique_id=1956538834]

[node name="CollisionShape3D" type="CollisionShape3D" parent="." unique_id=111591153]
transform = Transform3D(1, 0, 0, 0, 1, 0, 0, 0, 1, -0.00038528442, 0.45822144, 0.0912742)
shape = SubResource("BoxShape3D_axfmt")

[node name="CollisionShape3D4" type="CollisionShape3D" parent="." unique_id=1644122416]
transform = Transform3D(1, 0, 0, 0, 0.9771607, -0.21250172, 0, 0.21250172, 0.9771607, -0.243227, 0.22520368, -0.10984072)
shape = SubResource("BoxShape3D_1wx48")

[node name="CollisionShape3D7" type="CollisionShape3D" parent="." unique_id=781251241]
transform = Transform3D(1, 0, 0, 0, 0.9771607, -0.21250172, 0, 0.21250172, 0.9771607, 0.25119358, 0.22520368, -0.10984072)
shape = SubResource("BoxShape3D_1wx48")

[node name="CollisionShape3D5" type="CollisionShape3D" parent="." unique_id=208424571]
transform = Transform3D(0.9988133, -0.010277391, -0.04760792, 0.02004534, 0.97760093, 0.20951054, 0.04438833, -0.21021628, 0.9766468, -0.24562033, 0.23462664, 0.20139436)
shape = SubResource("BoxShape3D_t5mdb")

[node name="CollisionShape3D6" type="CollisionShape3D" parent="." unique_id=1782129815]
transform = Transform3D(0.9988133, -0.011661284, -0.047287982, 0.02004534, 0.9832946, 0.18091428, 0.04438833, -0.18164755, 0.9823614, 0.25154293, 0.23949465, 0.20197228)
shape = SubResource("BoxShape3D_nxckj")

[node name="CollisionShape3D2" type="CollisionShape3D" parent="." unique_id=1418006938]
transform = Transform3D(1, 0, 0, 0, 0.34862113, -0.9372637, 0, 0.9372637, 0.34862113, 0.0043973923, 0.6448081, -0.17711443)
shape = SubResource("BoxShape3D_n6ua3")

[node name="CollisionShape3D3" type="CollisionShape3D" parent="." unique_id=851521370]
transform = Transform3D(1, 0, 0, 0, 0.34862113, -0.9372637, 0, 0.9372637, 0.34862113, 0.0043973923, 0.6448081, -0.17711443)
shape = SubResource("BoxShape3D_n6ua3")

[node name="soft_chair" parent="." unique_id=1251932079 instance=ExtResource("1_ydj6s")]

[node name="Box57" parent="soft_chair" index="0" unique_id=1625567519]
surface_material_override/0 = ExtResource("2_ydj6s")

[node name="Box60" parent="soft_chair" index="1" unique_id=908115743]
surface_material_override/0 = ExtResource("2_ydj6s")

[editable path="soft_chair"]
